{
 "cells": [
  {
   "cell_type": "code",
   "execution_count": null,
   "metadata": {},
   "outputs": [],
   "source": [
    "import warnings\n",
    "warnings.filterwarnings('ignore')\n",
    "\n",
    "%load_ext autoreload\n",
    "%autoreload 2\n",
    "\n",
    "import numpy as np\n",
    "import pandas as pd\n",
    "import datetime\n",
    "import statsmodels\n",
    "import statsmodels.api as sm\n",
    "from statsmodels.tsa.stattools import coint, adfuller\n",
    "from statsmodels.tsa.holtwinters import ExponentialSmoothing\n",
    "from sklearn.preprocessing import StandardScaler\n",
    "\n",
    "import plotly.express as px\n",
    "import plotly.graph_objects as go\n",
    "import seaborn as sns\n",
    "import palettable\n",
    "import matplotlib.pyplot as plt\n",
    "\n",
    "import yfinance as yf\n",
    "# from pandas_datareader import data as pdr\n",
    "\n",
    "import sys\n",
    "sys.path.insert(0, '../..')\n",
    "sys.path.insert(0, '../../utils')"
   ]
  },
  {
   "cell_type": "markdown",
   "metadata": {},
   "source": [
    "#### Import Custom Modules ####"
   ]
  },
  {
   "cell_type": "code",
   "execution_count": null,
   "metadata": {},
   "outputs": [],
   "source": [
    "prj_path = '/Users/darien/Library/Mobile Documents/com~apple~CloudDocs/Code/QuantTrading/TradingProject/TradingLibADS'\n",
    "sys.path.append(prj_path)\n",
    "\n",
    "# from utils import DataUtils\n",
    "# from utils import TickerEnums as te\n",
    "# from utils.TickerEnums import *\n",
    "from utils.data_downloader import DataUtils\n",
    "import utils.analyser as an\n",
    "import utils.stock_visualizer as sv"
   ]
  },
  {
   "cell_type": "code",
   "execution_count": null,
   "metadata": {},
   "outputs": [
    {
     "data": {
      "text/html": [
       "<pre style=\"white-space:pre;overflow-x:auto;line-height:normal;font-family:Menlo,'DejaVu Sans Mono',consolas,'Courier New',monospace\">Pulled <span style=\"font-weight: bold\">[</span><span style=\"color: #008000; text-decoration-color: #008000\">'Close'</span><span style=\"font-weight: bold\">]</span> for <span style=\"font-weight: bold\">[</span><span style=\"color: #008000; text-decoration-color: #008000\">'GE'</span>, <span style=\"color: #008000; text-decoration-color: #008000\">'HON'</span>, <span style=\"color: #008000; text-decoration-color: #008000\">'DE'</span>, <span style=\"color: #008000; text-decoration-color: #008000\">'UNP'</span>, <span style=\"color: #008000; text-decoration-color: #008000\">'FDX'</span>, <span style=\"color: #008000; text-decoration-color: #008000\">'JPM'</span>, <span style=\"color: #008000; text-decoration-color: #008000\">'BAC'</span>, <span style=\"color: #008000; text-decoration-color: #008000\">'WFC'</span>, <span style=\"color: #008000; text-decoration-color: #008000\">'C'</span>, <span style=\"color: #008000; text-decoration-color: #008000\">'GS'</span>, <span style=\"color: #008000; text-decoration-color: #008000\">'MS'</span>, <span style=\"color: #008000; text-decoration-color: #008000\">'AXP'</span>, <span style=\"color: #008000; text-decoration-color: #008000\">'BLK'</span>, <span style=\"color: #008000; text-decoration-color: #008000\">'AAPL'</span>, \n",
       "<span style=\"color: #008000; text-decoration-color: #008000\">'GOOGL'</span>, <span style=\"color: #008000; text-decoration-color: #008000\">'INTC'</span>, <span style=\"color: #008000; text-decoration-color: #008000\">'CRM'</span><span style=\"font-weight: bold\">]</span> from <span style=\"color: #008080; text-decoration-color: #008080; font-weight: bold\">2021</span>-<span style=\"color: #008080; text-decoration-color: #008080; font-weight: bold\">01</span>-<span style=\"color: #008080; text-decoration-color: #008080; font-weight: bold\">01</span> to <span style=\"color: #008080; text-decoration-color: #008080; font-weight: bold\">2024</span>-<span style=\"color: #008080; text-decoration-color: #008080; font-weight: bold\">03</span>-<span style=\"color: #008080; text-decoration-color: #008080; font-weight: bold\">01</span>\n",
       "</pre>\n"
      ],
      "text/plain": [
       "Pulled \u001b[1m[\u001b[0m\u001b[32m'Close'\u001b[0m\u001b[1m]\u001b[0m for \u001b[1m[\u001b[0m\u001b[32m'GE'\u001b[0m, \u001b[32m'HON'\u001b[0m, \u001b[32m'DE'\u001b[0m, \u001b[32m'UNP'\u001b[0m, \u001b[32m'FDX'\u001b[0m, \u001b[32m'JPM'\u001b[0m, \u001b[32m'BAC'\u001b[0m, \u001b[32m'WFC'\u001b[0m, \u001b[32m'C'\u001b[0m, \u001b[32m'GS'\u001b[0m, \u001b[32m'MS'\u001b[0m, \u001b[32m'AXP'\u001b[0m, \u001b[32m'BLK'\u001b[0m, \u001b[32m'AAPL'\u001b[0m, \n",
       "\u001b[32m'GOOGL'\u001b[0m, \u001b[32m'INTC'\u001b[0m, \u001b[32m'CRM'\u001b[0m\u001b[1m]\u001b[0m from \u001b[1;36m2021\u001b[0m-\u001b[1;36m01\u001b[0m-\u001b[1;36m01\u001b[0m to \u001b[1;36m2024\u001b[0m-\u001b[1;36m03\u001b[0m-\u001b[1;36m01\u001b[0m\n"
      ]
     },
     "metadata": {},
     "output_type": "display_data"
    }
   ],
   "source": [
    "selected_stock_basket = [\n",
    "    'GE',\n",
    "    'HON',\n",
    "    'DE',\n",
    "    'UNP',\n",
    "    'FDX',\n",
    "    'JPM',\n",
    "    'BAC',\n",
    "    'WFC',\n",
    "    'C',\n",
    "    'GS',\n",
    "    'MS',\n",
    "    'AXP',\n",
    "    'BLK',\n",
    "    'AAPL',\n",
    "    'GOOGL',\n",
    "    'INTC',\n",
    "    'CRM'\n",
    " ]\n",
    "\n",
    "data_utils = DataUtils(verbose=False)\n",
    "\n",
    "start_date = '2021-01-01'\n",
    "end_date = '2024-03-01'\n",
    "\n",
    "raw_data = data_utils.get_data(tickers=selected_stock_basket,\n",
    "                               start_date=start_date,\n",
    "                               end_date=end_date,\n",
    "                               price_type='Close')\n",
    "\n",
    "raw_data\n",
    "df_all = raw_data.copy()"
   ]
  },
  {
   "cell_type": "markdown",
   "metadata": {},
   "source": [
    "# Sorting and Ranking Pairs for Trading Strategy\n",
    "---\n",
    "## Enhanced Analysis of Correlation and Cointegration\n",
    "___\n",
    "This section extends the analysis of stock pairs by sorting and ranking them based on their correlation and cointegration values. This approach is designed to identify the most promising pairs for a trading strategy.\n",
    "\n",
    "### Sorting Pairs by Correlation and Cointegration\n",
    "The `sort_pairs` function is a versatile tool for sorting pairs in a dataframe. It first sets the diagonal values to NaN to exclude self-pairs. Then, it applies a mask to focus on the upper triangle of the matrix, ensuring that each pair is considered only once. The function finally unstacks the dataframe and sorts the pairs based on the specified criterion (correlation or cointegration values).\n",
    "\n",
    "### Ranking Pairs for Trading Opportunities\n",
    "After sorting, the pairs are ranked based on their cointegration p-values and correlation coefficients. This ranking is crucial to prioritize pairs that show both strong cointegration (suggesting a long-term relationship) and high correlation (indicating short-term alignment).\n",
    "\n",
    "#### Creating a Combined Ranking\n",
    "The next step involves merging the ranked cointegration and correlation dataframes. This merged dataframe includes ranks for both cointegration p-values and correlation coefficients. A combined rank is calculated by summing these individual ranks, and an average rank is derived to balance between cointegration and correlation.\n",
    "\n",
    "---\n",
    "\n",
    "#### Function: `sort_pairs`\n",
    "\n",
    "The `sort_pairs` function efficiently sorts pairs in a dataframe based on the given criterion. It handles both correlation and cointegration matrices, making it an essential tool in this analysis. The function is then applied to both the correlation and cointegration dataframes to obtain sorted lists of pairs.\n",
    "\n",
    "The following code snippet showcases the use of this function and the subsequent ranking process, culminating in a sorted and ranked dataframe that identifies the most promising stock pairs for pairs trading strategies. The final output includes the top 20 pairs, offering a focused list for potential trading opportunities.\n",
    "\n"
   ]
  },
  {
   "cell_type": "code",
   "execution_count": null,
   "metadata": {},
   "outputs": [],
   "source": [
    "dfs = []\n",
    "tkr_set = [SP500Stocks]\n",
    "for ticker_set in tkr_set:\n",
    "    print(ticker_set)\n",
    "    data = get_data(ticker_set._member_names_)\n",
    "    dfs.append(data)\n",
    "    print(data.head(2))\n",
    "    print()\n",
    "\n",
    "df_all = pd.concat(dfs, axis=1).drop_duplicates()\n",
    "df_all"
   ]
  },
  {
   "cell_type": "code",
   "execution_count": null,
   "metadata": {},
   "outputs": [
    {
     "name": "stdout",
     "output_type": "stream",
     "text": [
      "---Dataset: Size, Date Cutoff--- \n",
      " Train: 546, 2023-04-18 \n",
      " Val:   156, 2023-08-09 \n",
      " Test:  78,  2023-11-29\n"
     ]
    },
    {
     "data": {
      "text/html": [
       "<div>\n",
       "<style scoped>\n",
       "    .dataframe tbody tr th:only-of-type {\n",
       "        vertical-align: middle;\n",
       "    }\n",
       "\n",
       "    .dataframe tbody tr th {\n",
       "        vertical-align: top;\n",
       "    }\n",
       "\n",
       "    .dataframe thead th {\n",
       "        text-align: right;\n",
       "    }\n",
       "</style>\n",
       "<table border=\"1\" class=\"dataframe\">\n",
       "  <thead>\n",
       "    <tr style=\"text-align: right;\">\n",
       "      <th></th>\n",
       "      <th>S2_open</th>\n",
       "      <th>S1_open</th>\n",
       "      <th>S2_high</th>\n",
       "      <th>S1_high</th>\n",
       "      <th>S2_low</th>\n",
       "      <th>S1_low</th>\n",
       "      <th>S2_close</th>\n",
       "      <th>S1_close</th>\n",
       "      <th>S2_adj close</th>\n",
       "      <th>S1_adj close</th>\n",
       "      <th>...</th>\n",
       "      <th>S2_ema</th>\n",
       "      <th>S1_macd</th>\n",
       "      <th>S2_macd</th>\n",
       "      <th>S1_dlr</th>\n",
       "      <th>S2_dlr</th>\n",
       "      <th>spread_close</th>\n",
       "      <th>spread_open</th>\n",
       "      <th>spread_high</th>\n",
       "      <th>spread_low</th>\n",
       "      <th>target</th>\n",
       "    </tr>\n",
       "    <tr>\n",
       "      <th>Date</th>\n",
       "      <th></th>\n",
       "      <th></th>\n",
       "      <th></th>\n",
       "      <th></th>\n",
       "      <th></th>\n",
       "      <th></th>\n",
       "      <th></th>\n",
       "      <th></th>\n",
       "      <th></th>\n",
       "      <th></th>\n",
       "      <th></th>\n",
       "      <th></th>\n",
       "      <th></th>\n",
       "      <th></th>\n",
       "      <th></th>\n",
       "      <th></th>\n",
       "      <th></th>\n",
       "      <th></th>\n",
       "      <th></th>\n",
       "      <th></th>\n",
       "      <th></th>\n",
       "    </tr>\n",
       "  </thead>\n",
       "  <tbody>\n",
       "    <tr>\n",
       "      <th>2021-02-16</th>\n",
       "      <td>310.000000</td>\n",
       "      <td>204.860001</td>\n",
       "      <td>312.920013</td>\n",
       "      <td>205.570007</td>\n",
       "      <td>309.220001</td>\n",
       "      <td>201.880005</td>\n",
       "      <td>311.959991</td>\n",
       "      <td>203.440002</td>\n",
       "      <td>287.484192</td>\n",
       "      <td>190.686661</td>\n",
       "      <td>...</td>\n",
       "      <td>296.907798</td>\n",
       "      <td>-1.174375</td>\n",
       "      <td>7.167962</td>\n",
       "      <td>-0.063883</td>\n",
       "      <td>1.824462</td>\n",
       "      <td>17.000179</td>\n",
       "      <td>13.039232</td>\n",
       "      <td>14.908616</td>\n",
       "      <td>17.689315</td>\n",
       "      <td>21.930414</td>\n",
       "    </tr>\n",
       "    <tr>\n",
       "      <th>2021-02-17</th>\n",
       "      <td>310.029999</td>\n",
       "      <td>201.360001</td>\n",
       "      <td>314.980011</td>\n",
       "      <td>202.190002</td>\n",
       "      <td>308.760010</td>\n",
       "      <td>199.860001</td>\n",
       "      <td>312.739990</td>\n",
       "      <td>201.899994</td>\n",
       "      <td>288.203064</td>\n",
       "      <td>189.243195</td>\n",
       "      <td>...</td>\n",
       "      <td>299.018757</td>\n",
       "      <td>-1.132337</td>\n",
       "      <td>7.795040</td>\n",
       "      <td>-0.759864</td>\n",
       "      <td>0.249720</td>\n",
       "      <td>20.012977</td>\n",
       "      <td>18.142757</td>\n",
       "      <td>21.868550</td>\n",
       "      <td>20.146369</td>\n",
       "      <td>24.675759</td>\n",
       "    </tr>\n",
       "  </tbody>\n",
       "</table>\n",
       "<p>2 rows × 35 columns</p>\n",
       "</div>"
      ],
      "text/plain": [
       "               S2_open     S1_open     S2_high     S1_high      S2_low  \\\n",
       "Date                                                                     \n",
       "2021-02-16  310.000000  204.860001  312.920013  205.570007  309.220001   \n",
       "2021-02-17  310.029999  201.360001  314.980011  202.190002  308.760010   \n",
       "\n",
       "                S1_low    S2_close    S1_close  S2_adj close  S1_adj close  \\\n",
       "Date                                                                         \n",
       "2021-02-16  201.880005  311.959991  203.440002    287.484192    190.686661   \n",
       "2021-02-17  199.860001  312.739990  201.899994    288.203064    189.243195   \n",
       "\n",
       "            ...      S2_ema   S1_macd   S2_macd    S1_dlr    S2_dlr  \\\n",
       "Date        ...                                                       \n",
       "2021-02-16  ...  296.907798 -1.174375  7.167962 -0.063883  1.824462   \n",
       "2021-02-17  ...  299.018757 -1.132337  7.795040 -0.759864  0.249720   \n",
       "\n",
       "            spread_close  spread_open  spread_high  spread_low     target  \n",
       "Date                                                                       \n",
       "2021-02-16     17.000179    13.039232    14.908616   17.689315  21.930414  \n",
       "2021-02-17     20.012977    18.142757    21.868550   20.146369  24.675759  \n",
       "\n",
       "[2 rows x 35 columns]"
      ]
     },
     "metadata": {},
     "output_type": "display_data"
    }
   ],
   "source": [
    "def create_dataset(data, look_back, target_col=\"spread_close\", split_sizes=[0.7, 0.2, 0.1], drop_cols: list = []):\n",
    "    data = data.copy().dropna()\n",
    "    y = data[target_col]\n",
    "    y_shifted = y.shift(-look_back)\n",
    "    data[\"target\"] = y_shifted\n",
    "    data = data.dropna().drop(drop_cols, axis=1)\n",
    "    train_size = int(len(data) * split_sizes[0])\n",
    "    val_size = int(len(data) * split_sizes[1])\n",
    "    test_size = len(data) - train_size - val_size\n",
    "\n",
    "    print(\n",
    "        \"---Dataset: Size, Date Cutoff--- \\n Train: {}, {} \\n Val:   {}, {} \\n Test:  {},  {}\".format(train_size, data.index[train_size].date(),val_size, data.index[-val_size].date(),test_size, data.index[-test_size].date(),))\n",
    "\n",
    "    train_data = data.iloc[:train_size]\n",
    "    val_data = data.iloc[train_size : train_size + val_size]\n",
    "    test_data = data.iloc[-test_size:]\n",
    "    return train_data, val_data, test_data\n",
    "\n",
    "\n",
    "train_data, val_data, test_data = create_dataset(\n",
    "    pair_data, look_back=5, target_col=\"spread_close\", split_sizes=[0.7, 0.2, 0.1]\n",
    ")\n",
    "\n",
    "train_data.head(2)"
   ]
  },
  {
   "cell_type": "code",
   "execution_count": null,
   "metadata": {},
   "outputs": [
    {
     "data": {
      "text/html": [
       "<div>\n",
       "<style scoped>\n",
       "    .dataframe tbody tr th:only-of-type {\n",
       "        vertical-align: middle;\n",
       "    }\n",
       "\n",
       "    .dataframe tbody tr th {\n",
       "        vertical-align: top;\n",
       "    }\n",
       "\n",
       "    .dataframe thead th {\n",
       "        text-align: right;\n",
       "    }\n",
       "</style>\n",
       "<table border=\"1\" class=\"dataframe\">\n",
       "  <thead>\n",
       "    <tr style=\"text-align: right;\">\n",
       "      <th>Ticker</th>\n",
       "      <th>AAPL</th>\n",
       "      <th>AXP</th>\n",
       "      <th>BAC</th>\n",
       "      <th>BLK</th>\n",
       "      <th>C</th>\n",
       "      <th>CRM</th>\n",
       "      <th>DE</th>\n",
       "      <th>FDX</th>\n",
       "      <th>GE</th>\n",
       "      <th>GOOGL</th>\n",
       "      <th>GS</th>\n",
       "      <th>HON</th>\n",
       "      <th>INTC</th>\n",
       "      <th>JPM</th>\n",
       "      <th>MS</th>\n",
       "      <th>UNP</th>\n",
       "      <th>WFC</th>\n",
       "    </tr>\n",
       "    <tr>\n",
       "      <th>Ticker</th>\n",
       "      <th></th>\n",
       "      <th></th>\n",
       "      <th></th>\n",
       "      <th></th>\n",
       "      <th></th>\n",
       "      <th></th>\n",
       "      <th></th>\n",
       "      <th></th>\n",
       "      <th></th>\n",
       "      <th></th>\n",
       "      <th></th>\n",
       "      <th></th>\n",
       "      <th></th>\n",
       "      <th></th>\n",
       "      <th></th>\n",
       "      <th></th>\n",
       "      <th></th>\n",
       "    </tr>\n",
       "  </thead>\n",
       "  <tbody>\n",
       "    <tr>\n",
       "      <th>AAPL</th>\n",
       "      <td>1.000000</td>\n",
       "      <td>0.531576</td>\n",
       "      <td>-0.299144</td>\n",
       "      <td>-0.076802</td>\n",
       "      <td>-0.503730</td>\n",
       "      <td>0.256794</td>\n",
       "      <td>0.337718</td>\n",
       "      <td>0.033327</td>\n",
       "      <td>0.641856</td>\n",
       "      <td>0.575225</td>\n",
       "      <td>0.082628</td>\n",
       "      <td>-0.365208</td>\n",
       "      <td>-0.315341</td>\n",
       "      <td>0.215919</td>\n",
       "      <td>0.107519</td>\n",
       "      <td>0.317492</td>\n",
       "      <td>0.305517</td>\n",
       "    </tr>\n",
       "    <tr>\n",
       "      <th>AXP</th>\n",
       "      <td>0.531576</td>\n",
       "      <td>1.000000</td>\n",
       "      <td>0.331082</td>\n",
       "      <td>0.384742</td>\n",
       "      <td>0.095503</td>\n",
       "      <td>0.441622</td>\n",
       "      <td>0.377289</td>\n",
       "      <td>0.105726</td>\n",
       "      <td>0.465789</td>\n",
       "      <td>0.609868</td>\n",
       "      <td>0.576200</td>\n",
       "      <td>0.109514</td>\n",
       "      <td>0.040215</td>\n",
       "      <td>0.529539</td>\n",
       "      <td>0.573314</td>\n",
       "      <td>0.601928</td>\n",
       "      <td>0.778306</td>\n",
       "    </tr>\n",
       "    <tr>\n",
       "      <th>BAC</th>\n",
       "      <td>-0.299144</td>\n",
       "      <td>0.331082</td>\n",
       "      <td>1.000000</td>\n",
       "      <td>0.749378</td>\n",
       "      <td>0.782305</td>\n",
       "      <td>0.400026</td>\n",
       "      <td>-0.137043</td>\n",
       "      <td>0.210853</td>\n",
       "      <td>-0.345983</td>\n",
       "      <td>0.363355</td>\n",
       "      <td>0.634208</td>\n",
       "      <td>0.555558</td>\n",
       "      <td>0.611483</td>\n",
       "      <td>0.417289</td>\n",
       "      <td>0.669486</td>\n",
       "      <td>0.587497</td>\n",
       "      <td>0.689683</td>\n",
       "    </tr>\n",
       "    <tr>\n",
       "      <th>BLK</th>\n",
       "      <td>-0.076802</td>\n",
       "      <td>0.384742</td>\n",
       "      <td>0.749378</td>\n",
       "      <td>1.000000</td>\n",
       "      <td>0.782594</td>\n",
       "      <td>0.750869</td>\n",
       "      <td>-0.098311</td>\n",
       "      <td>0.559256</td>\n",
       "      <td>0.135301</td>\n",
       "      <td>0.551805</td>\n",
       "      <td>0.834400</td>\n",
       "      <td>0.801651</td>\n",
       "      <td>0.653302</td>\n",
       "      <td>0.771860</td>\n",
       "      <td>0.693887</td>\n",
       "      <td>0.473985</td>\n",
       "      <td>0.535761</td>\n",
       "    </tr>\n",
       "    <tr>\n",
       "      <th>C</th>\n",
       "      <td>-0.503730</td>\n",
       "      <td>0.095503</td>\n",
       "      <td>0.782305</td>\n",
       "      <td>0.782594</td>\n",
       "      <td>1.000000</td>\n",
       "      <td>0.561913</td>\n",
       "      <td>-0.364664</td>\n",
       "      <td>0.575900</td>\n",
       "      <td>-0.163256</td>\n",
       "      <td>0.231835</td>\n",
       "      <td>0.517933</td>\n",
       "      <td>0.751753</td>\n",
       "      <td>0.858337</td>\n",
       "      <td>0.541321</td>\n",
       "      <td>0.425740</td>\n",
       "      <td>0.306925</td>\n",
       "      <td>0.291127</td>\n",
       "    </tr>\n",
       "    <tr>\n",
       "      <th>CRM</th>\n",
       "      <td>0.256794</td>\n",
       "      <td>0.441622</td>\n",
       "      <td>0.400026</td>\n",
       "      <td>0.750869</td>\n",
       "      <td>0.561913</td>\n",
       "      <td>1.000000</td>\n",
       "      <td>-0.273827</td>\n",
       "      <td>0.652181</td>\n",
       "      <td>0.520781</td>\n",
       "      <td>0.762885</td>\n",
       "      <td>0.571426</td>\n",
       "      <td>0.455298</td>\n",
       "      <td>0.645531</td>\n",
       "      <td>0.839030</td>\n",
       "      <td>0.360083</td>\n",
       "      <td>0.433502</td>\n",
       "      <td>0.341636</td>\n",
       "    </tr>\n",
       "    <tr>\n",
       "      <th>DE</th>\n",
       "      <td>0.337718</td>\n",
       "      <td>0.377289</td>\n",
       "      <td>-0.137043</td>\n",
       "      <td>-0.098311</td>\n",
       "      <td>-0.364664</td>\n",
       "      <td>-0.273827</td>\n",
       "      <td>1.000000</td>\n",
       "      <td>-0.231359</td>\n",
       "      <td>0.312484</td>\n",
       "      <td>-0.043045</td>\n",
       "      <td>0.201524</td>\n",
       "      <td>0.045894</td>\n",
       "      <td>-0.440527</td>\n",
       "      <td>0.092443</td>\n",
       "      <td>0.263287</td>\n",
       "      <td>0.066634</td>\n",
       "      <td>0.284361</td>\n",
       "    </tr>\n",
       "    <tr>\n",
       "      <th>FDX</th>\n",
       "      <td>0.033327</td>\n",
       "      <td>0.105726</td>\n",
       "      <td>0.210853</td>\n",
       "      <td>0.559256</td>\n",
       "      <td>0.575900</td>\n",
       "      <td>0.652181</td>\n",
       "      <td>-0.231359</td>\n",
       "      <td>1.000000</td>\n",
       "      <td>0.410463</td>\n",
       "      <td>0.465113</td>\n",
       "      <td>0.251538</td>\n",
       "      <td>0.483493</td>\n",
       "      <td>0.695779</td>\n",
       "      <td>0.621037</td>\n",
       "      <td>0.088787</td>\n",
       "      <td>0.252389</td>\n",
       "      <td>0.037039</td>\n",
       "    </tr>\n",
       "    <tr>\n",
       "      <th>GE</th>\n",
       "      <td>0.641856</td>\n",
       "      <td>0.465789</td>\n",
       "      <td>-0.345983</td>\n",
       "      <td>0.135301</td>\n",
       "      <td>-0.163256</td>\n",
       "      <td>0.520781</td>\n",
       "      <td>0.312484</td>\n",
       "      <td>0.410463</td>\n",
       "      <td>1.000000</td>\n",
       "      <td>0.461406</td>\n",
       "      <td>0.228088</td>\n",
       "      <td>0.028296</td>\n",
       "      <td>-0.011009</td>\n",
       "      <td>0.651532</td>\n",
       "      <td>0.000867</td>\n",
       "      <td>0.104807</td>\n",
       "      <td>0.103685</td>\n",
       "    </tr>\n",
       "    <tr>\n",
       "      <th>GOOGL</th>\n",
       "      <td>0.575225</td>\n",
       "      <td>0.609868</td>\n",
       "      <td>0.363355</td>\n",
       "      <td>0.551805</td>\n",
       "      <td>0.231835</td>\n",
       "      <td>0.762885</td>\n",
       "      <td>-0.043045</td>\n",
       "      <td>0.465113</td>\n",
       "      <td>0.461406</td>\n",
       "      <td>1.000000</td>\n",
       "      <td>0.503604</td>\n",
       "      <td>0.133902</td>\n",
       "      <td>0.382755</td>\n",
       "      <td>0.633565</td>\n",
       "      <td>0.429596</td>\n",
       "      <td>0.618230</td>\n",
       "      <td>0.579181</td>\n",
       "    </tr>\n",
       "    <tr>\n",
       "      <th>GS</th>\n",
       "      <td>0.082628</td>\n",
       "      <td>0.576200</td>\n",
       "      <td>0.634208</td>\n",
       "      <td>0.834400</td>\n",
       "      <td>0.517933</td>\n",
       "      <td>0.571426</td>\n",
       "      <td>0.201524</td>\n",
       "      <td>0.251538</td>\n",
       "      <td>0.228088</td>\n",
       "      <td>0.503604</td>\n",
       "      <td>1.000000</td>\n",
       "      <td>0.669157</td>\n",
       "      <td>0.290276</td>\n",
       "      <td>0.729133</td>\n",
       "      <td>0.835230</td>\n",
       "      <td>0.412003</td>\n",
       "      <td>0.710172</td>\n",
       "    </tr>\n",
       "    <tr>\n",
       "      <th>HON</th>\n",
       "      <td>-0.365208</td>\n",
       "      <td>0.109514</td>\n",
       "      <td>0.555558</td>\n",
       "      <td>0.801651</td>\n",
       "      <td>0.751753</td>\n",
       "      <td>0.455298</td>\n",
       "      <td>0.045894</td>\n",
       "      <td>0.483493</td>\n",
       "      <td>0.028296</td>\n",
       "      <td>0.133902</td>\n",
       "      <td>0.669157</td>\n",
       "      <td>1.000000</td>\n",
       "      <td>0.571815</td>\n",
       "      <td>0.588362</td>\n",
       "      <td>0.487442</td>\n",
       "      <td>0.123273</td>\n",
       "      <td>0.238451</td>\n",
       "    </tr>\n",
       "    <tr>\n",
       "      <th>INTC</th>\n",
       "      <td>-0.315341</td>\n",
       "      <td>0.040215</td>\n",
       "      <td>0.611483</td>\n",
       "      <td>0.653302</td>\n",
       "      <td>0.858337</td>\n",
       "      <td>0.645531</td>\n",
       "      <td>-0.440527</td>\n",
       "      <td>0.695779</td>\n",
       "      <td>-0.011009</td>\n",
       "      <td>0.382755</td>\n",
       "      <td>0.290276</td>\n",
       "      <td>0.571815</td>\n",
       "      <td>1.000000</td>\n",
       "      <td>0.543388</td>\n",
       "      <td>0.133152</td>\n",
       "      <td>0.418185</td>\n",
       "      <td>0.146076</td>\n",
       "    </tr>\n",
       "    <tr>\n",
       "      <th>JPM</th>\n",
       "      <td>0.215919</td>\n",
       "      <td>0.529539</td>\n",
       "      <td>0.417289</td>\n",
       "      <td>0.771860</td>\n",
       "      <td>0.541321</td>\n",
       "      <td>0.839030</td>\n",
       "      <td>0.092443</td>\n",
       "      <td>0.621037</td>\n",
       "      <td>0.651532</td>\n",
       "      <td>0.633565</td>\n",
       "      <td>0.729133</td>\n",
       "      <td>0.588362</td>\n",
       "      <td>0.543388</td>\n",
       "      <td>1.000000</td>\n",
       "      <td>0.480283</td>\n",
       "      <td>0.409265</td>\n",
       "      <td>0.476559</td>\n",
       "    </tr>\n",
       "    <tr>\n",
       "      <th>MS</th>\n",
       "      <td>0.107519</td>\n",
       "      <td>0.573314</td>\n",
       "      <td>0.669486</td>\n",
       "      <td>0.693887</td>\n",
       "      <td>0.425740</td>\n",
       "      <td>0.360083</td>\n",
       "      <td>0.263287</td>\n",
       "      <td>0.088787</td>\n",
       "      <td>0.000867</td>\n",
       "      <td>0.429596</td>\n",
       "      <td>0.835230</td>\n",
       "      <td>0.487442</td>\n",
       "      <td>0.133152</td>\n",
       "      <td>0.480283</td>\n",
       "      <td>1.000000</td>\n",
       "      <td>0.359510</td>\n",
       "      <td>0.740984</td>\n",
       "    </tr>\n",
       "    <tr>\n",
       "      <th>UNP</th>\n",
       "      <td>0.317492</td>\n",
       "      <td>0.601928</td>\n",
       "      <td>0.587497</td>\n",
       "      <td>0.473985</td>\n",
       "      <td>0.306925</td>\n",
       "      <td>0.433502</td>\n",
       "      <td>0.066634</td>\n",
       "      <td>0.252389</td>\n",
       "      <td>0.104807</td>\n",
       "      <td>0.618230</td>\n",
       "      <td>0.412003</td>\n",
       "      <td>0.123273</td>\n",
       "      <td>0.418185</td>\n",
       "      <td>0.409265</td>\n",
       "      <td>0.359510</td>\n",
       "      <td>1.000000</td>\n",
       "      <td>0.700196</td>\n",
       "    </tr>\n",
       "    <tr>\n",
       "      <th>WFC</th>\n",
       "      <td>0.305517</td>\n",
       "      <td>0.778306</td>\n",
       "      <td>0.689683</td>\n",
       "      <td>0.535761</td>\n",
       "      <td>0.291127</td>\n",
       "      <td>0.341636</td>\n",
       "      <td>0.284361</td>\n",
       "      <td>0.037039</td>\n",
       "      <td>0.103685</td>\n",
       "      <td>0.579181</td>\n",
       "      <td>0.710172</td>\n",
       "      <td>0.238451</td>\n",
       "      <td>0.146076</td>\n",
       "      <td>0.476559</td>\n",
       "      <td>0.740984</td>\n",
       "      <td>0.700196</td>\n",
       "      <td>1.000000</td>\n",
       "    </tr>\n",
       "  </tbody>\n",
       "</table>\n",
       "</div>"
      ],
      "text/plain": [
       "Ticker      AAPL       AXP       BAC       BLK         C       CRM        DE  \\\n",
       "Ticker                                                                         \n",
       "AAPL    1.000000  0.531576 -0.299144 -0.076802 -0.503730  0.256794  0.337718   \n",
       "AXP     0.531576  1.000000  0.331082  0.384742  0.095503  0.441622  0.377289   \n",
       "BAC    -0.299144  0.331082  1.000000  0.749378  0.782305  0.400026 -0.137043   \n",
       "BLK    -0.076802  0.384742  0.749378  1.000000  0.782594  0.750869 -0.098311   \n",
       "C      -0.503730  0.095503  0.782305  0.782594  1.000000  0.561913 -0.364664   \n",
       "CRM     0.256794  0.441622  0.400026  0.750869  0.561913  1.000000 -0.273827   \n",
       "DE      0.337718  0.377289 -0.137043 -0.098311 -0.364664 -0.273827  1.000000   \n",
       "FDX     0.033327  0.105726  0.210853  0.559256  0.575900  0.652181 -0.231359   \n",
       "GE      0.641856  0.465789 -0.345983  0.135301 -0.163256  0.520781  0.312484   \n",
       "GOOGL   0.575225  0.609868  0.363355  0.551805  0.231835  0.762885 -0.043045   \n",
       "GS      0.082628  0.576200  0.634208  0.834400  0.517933  0.571426  0.201524   \n",
       "HON    -0.365208  0.109514  0.555558  0.801651  0.751753  0.455298  0.045894   \n",
       "INTC   -0.315341  0.040215  0.611483  0.653302  0.858337  0.645531 -0.440527   \n",
       "JPM     0.215919  0.529539  0.417289  0.771860  0.541321  0.839030  0.092443   \n",
       "MS      0.107519  0.573314  0.669486  0.693887  0.425740  0.360083  0.263287   \n",
       "UNP     0.317492  0.601928  0.587497  0.473985  0.306925  0.433502  0.066634   \n",
       "WFC     0.305517  0.778306  0.689683  0.535761  0.291127  0.341636  0.284361   \n",
       "\n",
       "Ticker       FDX        GE     GOOGL        GS       HON      INTC       JPM  \\\n",
       "Ticker                                                                         \n",
       "AAPL    0.033327  0.641856  0.575225  0.082628 -0.365208 -0.315341  0.215919   \n",
       "AXP     0.105726  0.465789  0.609868  0.576200  0.109514  0.040215  0.529539   \n",
       "BAC     0.210853 -0.345983  0.363355  0.634208  0.555558  0.611483  0.417289   \n",
       "BLK     0.559256  0.135301  0.551805  0.834400  0.801651  0.653302  0.771860   \n",
       "C       0.575900 -0.163256  0.231835  0.517933  0.751753  0.858337  0.541321   \n",
       "CRM     0.652181  0.520781  0.762885  0.571426  0.455298  0.645531  0.839030   \n",
       "DE     -0.231359  0.312484 -0.043045  0.201524  0.045894 -0.440527  0.092443   \n",
       "FDX     1.000000  0.410463  0.465113  0.251538  0.483493  0.695779  0.621037   \n",
       "GE      0.410463  1.000000  0.461406  0.228088  0.028296 -0.011009  0.651532   \n",
       "GOOGL   0.465113  0.461406  1.000000  0.503604  0.133902  0.382755  0.633565   \n",
       "GS      0.251538  0.228088  0.503604  1.000000  0.669157  0.290276  0.729133   \n",
       "HON     0.483493  0.028296  0.133902  0.669157  1.000000  0.571815  0.588362   \n",
       "INTC    0.695779 -0.011009  0.382755  0.290276  0.571815  1.000000  0.543388   \n",
       "JPM     0.621037  0.651532  0.633565  0.729133  0.588362  0.543388  1.000000   \n",
       "MS      0.088787  0.000867  0.429596  0.835230  0.487442  0.133152  0.480283   \n",
       "UNP     0.252389  0.104807  0.618230  0.412003  0.123273  0.418185  0.409265   \n",
       "WFC     0.037039  0.103685  0.579181  0.710172  0.238451  0.146076  0.476559   \n",
       "\n",
       "Ticker        MS       UNP       WFC  \n",
       "Ticker                                \n",
       "AAPL    0.107519  0.317492  0.305517  \n",
       "AXP     0.573314  0.601928  0.778306  \n",
       "BAC     0.669486  0.587497  0.689683  \n",
       "BLK     0.693887  0.473985  0.535761  \n",
       "C       0.425740  0.306925  0.291127  \n",
       "CRM     0.360083  0.433502  0.341636  \n",
       "DE      0.263287  0.066634  0.284361  \n",
       "FDX     0.088787  0.252389  0.037039  \n",
       "GE      0.000867  0.104807  0.103685  \n",
       "GOOGL   0.429596  0.618230  0.579181  \n",
       "GS      0.835230  0.412003  0.710172  \n",
       "HON     0.487442  0.123273  0.238451  \n",
       "INTC    0.133152  0.418185  0.146076  \n",
       "JPM     0.480283  0.409265  0.476559  \n",
       "MS      1.000000  0.359510  0.740984  \n",
       "UNP     0.359510  1.000000  0.700196  \n",
       "WFC     0.740984  0.700196  1.000000  "
      ]
     },
     "metadata": {},
     "output_type": "display_data"
    }
   ],
   "source": [
    "df = raw_data.copy()\n",
    "# rename index to index\n",
    "df.index.name = 'index'\n",
    "DATA = df.copy()\n",
    "df.corr()\n"
   ]
  },
  {
   "cell_type": "code",
   "execution_count": null,
   "metadata": {},
   "outputs": [
    {
     "name": "stdout",
     "output_type": "stream",
     "text": [
      "[('BLK', 'GS'), ('CRM', 'JPM'), ('DE', 'FDX'), ('DE', 'GE'), ('DE', 'GOOGL'), ('DE', 'GS'), ('DE', 'HON'), ('DE', 'INTC'), ('DE', 'JPM'), ('DE', 'MS'), ('DE', 'UNP'), ('GS', 'HON'), ('UNP', 'WFC')]\n"
     ]
    },
    {
     "data": {
      "text/html": [
       "<style type=\"text/css\">\n",
